Sample_ID	tri	vas1	wyo1	wyo2	ssp	ploidy_level
C1_01	0.002	0.898	0.033	0.067	vas1	2
C1_02	0.001	0.997	0.001	0.002	vas1	2
C1_03	0.005	0.982	0.004	0.008	vas1	2
C1_04	0.001	0.998	0.001	0.001	vas1	2
C1_05	0.002	0.919	0.014	0.064	vas1	2
C1_06	0.001	0.995	0.001	0.003	vas1	2
C1_07	0.003	0.992	0.002	0.003	vas1	2
C1_08	0.012	0.983	0.002	0.003	vas1	2
C1_09	0.001	0.995	0.001	0.003	vas1	2
C1_10	0.001	0.995	0.001	0.003	vas1	2
C1_11	0.006	0.975	0.006	0.013	vas1	2
C1_12	0.003	0.952	0.011	0.034	vas1	2
C1_13	0.001	0.997	0.001	0.002	vas1	2
C1_14	0.002	0.992	0.002	0.005	vas1	2
C1_15	0.007	0.976	0.004	0.014	vas1	2
C1_16	0.001	0.991	0.002	0.005	vas1	2
C1_17	0.017	0.939	0.012	0.032	vas1	2
C1_18	0.001	0.996	0.001	0.002	vas1	2
C1_19	0.004	0.984	0.002	0.01	vas1	2
C1_20	0.001	0.995	0.001	0.003	vas1	2
C2_01	0.001	0.997	0.001	0.001	vas1	2
C2_02	0.001	0.995	0.001	0.003	vas1	2
C2_03	0.003	0.993	0.001	0.002	vas1	2
C2_04	0.002	0.974	0.004	0.019	vas1	2
C2_05	0.004	0.967	0.003	0.026	vas1	2
C2_06	0.002	0.99	0.003	0.005	vas1	2
C2_07	0.004	0.986	0.005	0.004	vas1	2
C2_08	0.006	0.982	0.005	0.007	vas1	2
C2_09	0.165	0.829	0.002	0.004	vas1	2
C2_10	0.001	0.997	0.001	0.001	vas1	2
C2_11	0.001	0.996	0.001	0.002	vas1	2
C2_12	0.003	0.993	0.002	0.003	vas1	2
C2_13	0.001	0.998	0.001	0.001	vas1	2
C2_14	0.001	0.993	0.002	0.004	vas1	2
C2_15	0.005	0.947	0.004	0.044	vas1	2
C2_16	0.001	0.997	0.001	0.001	vas1	2
C2_17	0.001	0.997	0.001	0.001	vas1	2
C2_18	0.023	0.933	0.012	0.032	vas1	2
C2_20	0.002	0.995	0.001	0.002	vas1	2
C3_01	0.002	0.007	0.526	0.465	wyo1	4
C3_02	0.006	0.005	0.36	0.629	wyo2	4
C3_03	0.006	0.01	0.489	0.495	wyo2	4
C3_04	0.002	0.018	0.478	0.502	wyo2	4
C3_05	0.002	0.146	0.422	0.43	wyo2	4
C3_06	0.004	0.002	0.423	0.571	wyo2	4
C3_07	0.001	0.01	0.337	0.652	wyo2	4
C3_08	0.036	0.005	0.183	0.776	wyo2	4
C3_09	0.002	0.008	0.465	0.526	wyo2	4
C3_10	0.002	0.003	0.571	0.424	wyo1	4
C3_11	0.002	0.145	0.447	0.406	wyo1	4
C3_12	0.001	0.248	0.455	0.296	wyo1	4
C3_13	0.011	0.011	0.344	0.634	wyo2	4
C3_14	0.002	0.225	0.652	0.121	wyo1	4
C3_15	0.003	0.054	0.682	0.262	wyo1	4
C3_16	0.007	0.011	0.191	0.791	wyo2	4
C3_17	0.005	0.187	0.646	0.163	wyo1	4
C3_18	0.005	0.226	0.76	0.009	wyo1	4
C3_19	0.983	0.007	0.004	0.006	tri	4
C3_20	0.002	0.021	0.43	0.547	wyo2	4
C4_01	0.001	0.033	0.82	0.147	wyo1	4
C4_02	0.152	0.009	0.59	0.248	wyo1	4
C4_03	0.002	0.105	0.888	0.005	wyo1	4
C4_04	0.032	0.008	0.945	0.015	wyo1	4
C4_05	0.006	0.109	0.872	0.013	wyo1	4
C4_06	0.002	0.002	0.816	0.179	wyo1	4
C4_07	0.123	0.009	0.754	0.114	wyo1	4
C4_09	0.003	0.005	0.836	0.156	wyo1	4
C4_09_rep	0.001	0.049	0.812	0.138	wyo1	4
C4_10	0.002	0.142	0.838	0.019	wyo1	4
C4_11	0.008	0.003	0.785	0.204	wyo1	4
C4_12	0.006	0.006	0.953	0.035	wyo1	4
C4_13	0.034	0.055	0.9	0.01	wyo1	4
C4_14	0.001	0.001	0.996	0.002	wyo1	4
C4_15	0.005	0.035	0.767	0.194	wyo1	4
C4_16	0.006	0.026	0.47	0.498	wyo2	4
C4_17	0.005	0.002	0.63	0.363	wyo1	4
C4_18	0.002	0.078	0.893	0.028	wyo1	4
C4_19	0.002	0.002	0.961	0.036	wyo1	4
C4_20	0.001	0.006	0.955	0.038	wyo1	4
L0_01	0.002	0.991	0.002	0.005	vas1	2
L0_02	0.001	0.997	0.001	0.001	vas1	2
L0_03	0.001	0.998	0.001	0.001	vas1	2
L0_04	0.002	0.993	0.002	0.003	vas1	2
L0_05	0.001	0.998	0.001	0.001	vas1	2
L0_06	0.001	0.998	0.001	0.001	vas1	2
L0_07	0.002	0.992	0.002	0.004	vas1	2
L0_08	0.003	0.995	0.001	0.001	vas1	2
L0_09	0.001	0.998	0.001	0.001	vas1	2
L0_10	0.001	0.998	0.001	0.001	vas1	2
L0_11	0.001	0.998	0.001	0.001	vas1	2
L0_12	0.001	0.996	0.002	0.001	vas1	2
L0_13	0.001	0.997	0.001	0.001	vas1	2
L0_14	0.001	0.998	0.001	0.001	vas1	2
L0_15	0.003	0.995	0.001	0.001	vas1	2
L0_16	0.001	0.997	0.001	0.001	vas1	2
L0_17	0.001	0.997	0.001	0.001	vas1	2
L0_18	0.001	0.997	0.001	0.001	vas1	2
L0_19	0.003	0.991	0.002	0.005	vas1	2
L0_20	0.001	0.995	0.002	0.003	vas1	2
L1_01	0.002	0.003	0.832	0.163	wyo1	4
L1_02	0.001	0.997	0.001	0.001	vas1	2
L1_03	0.002	0.045	0.948	0.004	wyo1	4
L1_04	0.001	0.995	0.002	0.002	vas1	2
L1_05	0.271	0.726	0.002	0.001	vas1	2
L1_06	0.003	0.001	0.991	0.005	wyo1	4
L1_07	0.004	0.006	0.965	0.025	wyo1	4
L1_08	0.005	0.249	0.679	0.067	wyo1	4
L1_09	0.001	0.997	0.001	0.001	vas1	2
L1_10	0.115	0.008	0.845	0.031	wyo1	4
L1_11	0.012	0.972	0.01	0.006	vas1	2
L1_12	0.005	0.003	0.969	0.023	wyo1	4
L1_13	0.002	0.996	0.001	0.001	vas1	2
L1_14	0.002	0.996	0.001	0.001	vas1	2
L1_15	0	0.998	0	0.001	vas1	2
L1_16	0.005	0.089	0.826	0.081	wyo1	4
L1_17	0.009	0.053	0.921	0.017	wyo1	4
L1_18	0.008	0.003	0.98	0.009	wyo1	4
L1_19	0.014	0.003	0.898	0.085	wyo1	4
L1_20	0.135	0.064	0.761	0.039	wyo1	4
L2_01	0.001	0.033	0.931	0.035	wyo1	4
L2_02	0.002	0.002	0.938	0.058	wyo1	4
L2_03	0.026	0.015	0.828	0.132	wyo1	4
L2_04	0.016	0.023	0.95	0.012	wyo1	4
L2_05	0.005	0.023	0.915	0.057	wyo1	4
L2_06	0.003	0.001	0.992	0.005	wyo1	4
L2_07	0.001	0.05	0.906	0.042	wyo1	4
L2_08	0.001	0.002	0.756	0.24	wyo1	4
L2_09	0.001	0.017	0.937	0.044	wyo1	4
L2_10	0.006	0.005	0.967	0.023	wyo1	4
L2_11	0.011	0.016	0.968	0.006	wyo1	4
L2_12	0.004	0.003	0.981	0.013	wyo1	4
L2_13	0.026	0.005	0.953	0.017	wyo1	4
L2_14	0.016	0.001	0.954	0.028	wyo1	4
L2_15	0.005	0.001	0.958	0.035	wyo1	4
L2_16	0.008	0.001	0.987	0.004	wyo1	4
L2_17	0.001	0.004	0.865	0.131	wyo1	4
L2_18	0.107	0.022	0.67	0.2	wyo1	4
L2_19	0.002	0.002	0.789	0.207	wyo1	4
L2_20	0.003	0.001	0.993	0.003	wyo1	4
L3_01	0.001	0.008	0.973	0.018	wyo1	4
L3_02	0.008	0.004	0.847	0.141	wyo1	4
L3_03	0.006	0.011	0.95	0.033	wyo1	4
L3_04	0.009	0.009	0.963	0.019	wyo1	4
L3_05	0.003	0	0.995	0.002	wyo1	4
L3_06	0.002	0.001	0.996	0.001	wyo1	4
L3_07	0.002	0.002	0.992	0.005	wyo1	4
L3_08	0.001	0.004	0.967	0.028	wyo1	4
L3_09	0.002	0.002	0.935	0.061	wyo1	4
L3_10	0.002	0.009	0.859	0.129	wyo1	4
L3_11	0.003	0.051	0.919	0.027	wyo1	4
L3_12	0.023	0.021	0.943	0.013	wyo1	4
L3_13	0.002	0.003	0.963	0.032	wyo1	4
L3_14	0.002	0.003	0.988	0.008	wyo1	4
L3_15	0.004	0.002	0.991	0.002	wyo1	4
L3_16	0.004	0.009	0.983	0.003	wyo1	4
L3_17	0.008	0.001	0.98	0.011	wyo1	4
L3_18	0.007	0.002	0.983	0.008	wyo1	4
L3_19	0.017	0.002	0.975	0.006	wyo1	4
L3_20	0.001	0.001	0.993	0.005	wyo1	4
L4_01	0.001	0.004	0.989	0.006	wyo1	4
L4_01_rep	0.002	0	0.997	0.001	wyo1	4
L4_02	0.003	0.001	0.992	0.004	wyo1	4
L4_02_rep	0.007	0.001	0.99	0.002	wyo1	4
L4_03	0.012	0.005	0.813	0.17	wyo1	4
L4_04	0.003	0.002	0.991	0.004	wyo1	4
L4_04_rep	0.001	0.002	0.994	0.002	wyo1	4
L4_05	0.001	0.082	0.895	0.021	wyo1	4
L4_06	0.009	0.001	0.987	0.003	wyo1	4
L4_07	0.019	0.021	0.947	0.013	wyo1	4
L4_08	0.002	0.004	0.987	0.006	wyo1	4
L4_09	0.038	0.004	0.955	0.003	wyo1	4
L4_10	0.012	0.007	0.975	0.006	wyo1	4
L4_11	0.001	0.006	0.972	0.021	wyo1	4
L4_12	0.001	0.009	0.888	0.101	wyo1	4
L4_13	0.019	0.002	0.974	0.005	wyo1	4
L4_14	0.004	0.003	0.981	0.012	wyo1	4
L4_15	0.001	0.002	0.988	0.009	wyo1	4
L4_16	0.015	0.002	0.975	0.008	wyo1	4
L4_17	0.004	0.001	0.992	0.003	wyo1	4
L4_18	0.007	0.004	0.982	0.008	wyo1	4
L4_19	0.002	0.002	0.986	0.01	wyo1	4
L4_20	0.003	0.003	0.883	0.111	wyo1	4
O1_02	0.001	0.997	0.001	0.001	vas1	2
O1_03	0.001	0.998	0.001	0.001	vas1	2
O1_04	0.001	0.997	0.001	0.001	vas1	2
O1_05	0.001	0.997	0.001	0.002	vas1	2
O1_06	0.002	0.993	0.002	0.003	vas1	2
O1_07	0.001	0.998	0.001	0.001	vas1	2
O1_08	0.001	0.998	0.001	0.001	vas1	2
O1_09	0.003	0.994	0.002	0.002	vas1	2
O1_10	0.001	0.997	0.001	0.002	vas1	2
O1_11	0.013	0.438	0.536	0.013	vas1	2
O1_12	0.001	0.995	0.002	0.002	vas1	2
O1_13	0.001	0.997	0.001	0.001	vas1	2
O1_14	0.002	0.995	0.002	0.001	vas1	2
O1_15	0.002	0.996	0.001	0.001	vas1	2
O1_16	0.002	0.995	0.001	0.002	vas1	2
O1_17	0.001	0.997	0.001	0.001	vas1	2
O1_18	0.008	0.989	0.001	0.002	vas1	2
O1_19	0.003	0.995	0.001	0.002	vas1	2
O1_20	0.001	0.998	0.001	0.001	vas1	2
O2_01	0.504	0.49	0.004	0.002	tri	2
O2_02	0.001	0.997	0.001	0.001	vas1	2
O2_03	0.002	0.997	0.001	0.001	vas1	4
O2_04	0.001	0.998	0.001	0.001	vas1	2
O2_05	0.002	0.996	0.001	0.001	vas1	2
O2_05_rep	0.002	0.995	0.001	0.002	vas1	2
O2_06	0.001	0.997	0.001	0.001	vas1	2
O2_07	0.001	0.998	0.001	0.001	vas1	2
O2_08	0.001	0.993	0.002	0.004	vas1	2
O2_09	0.001	0.997	0.001	0.001	vas1	2
O2_10	0.001	0.998	0.001	0.001	vas1	2
O2_11	0.016	0.978	0.002	0.004	vas1	2
O2_12	0.006	0.988	0.002	0.003	vas1	2
O2_13	0.001	0.997	0.001	0.001	vas1	2
O2_14	0.078	0.907	0.013	0.002	vas1	2
O2_15	0.001	0.998	0.001	0.001	vas1	2
O2_16	0.003	0.995	0.001	0.001	vas1	2
O2_17	0.001	0.998	0.001	0.001	vas1	2
O2_18	0.001	0.998	0.001	0.001	vas1	2
O2_19	0	0.998	0.001	0.001	vas1	2
O2_20	0	0.998	0.001	0.001	vas1	2
O3_01	0.001	0.338	0.434	0.227	wyo1	4
O3_02	0.001	0.29	0.705	0.004	wyo1	4
O3_03	0.001	0.402	0.594	0.003	wyo1	4
O3_03_rep	0.003	0.374	0.615	0.008	wyo1	2
O3_04	0.001	0.449	0.521	0.029	wyo1	4
O3_05	0.001	0.41	0.584	0.006	wyo1	4
O3_06	0.001	0.345	0.647	0.006	wyo1	4
O3_07	0.001	0.416	0.571	0.012	wyo1	4
O3_08	0.001	0.364	0.629	0.006	wyo1	4
O3_09	0.003	0.404	0.585	0.008	wyo1	4
O3_10	0.001	0.315	0.679	0.005	wyo1	4
O3_11	0.001	0.42	0.57	0.009	wyo1	4
O3_12	0.001	0.327	0.669	0.003	wyo1	4
O3_13	0.009	0.495	0.463	0.033	vas1	4
O3_14	0.003	0.452	0.534	0.012	wyo1	4
O3_15	0.003	0.385	0.605	0.007	wyo1	4
O3_16	0.001	0.379	0.572	0.048	wyo1	4
O3_17	0.004	0.395	0.599	0.002	wyo1	4
O3_18	0.001	0.371	0.621	0.007	wyo1	4
O3_19	0.001	0.414	0.582	0.003	wyo1	4
O3_20	0.002	0.428	0.562	0.008	wyo1	4
O4_01	0.998	0	0.001	0.001	tri	2
O4_02	0.996	0.001	0.002	0.001	tri	2
O4_03	0.998	0	0.001	0.001	tri	2
O4_04	0.995	0.002	0.002	0.002	tri	2
O4_05	0.99	0.001	0.006	0.002	tri	2
O4_06	0.998	0	0.001	0	tri	2
O4_07	0.998	0.001	0.001	0.001	tri	2
O4_08	0.997	0.001	0.002	0.001	tri	2
O4_09	0.998	0.001	0.001	0.001	tri	2
O4_10	0.995	0.001	0.003	0.001	tri	2
O4_11	0.997	0.001	0.001	0.001	tri	2
O4_12	0.998	0.001	0.001	0.001	tri	2
O4_13	0.997	0.001	0.002	0.001	tri	2
O4_13_rep	0.997	0.001	0.001	0.001	tri	2
O4_14	0.998	0	0.001	0.001	tri	2
O4_15	0.998	0.001	0.001	0.001	tri	2
O4_16	0.997	0.001	0.001	0.001	tri	2
O4_17	0.998	0	0.001	0.001	tri	2
O4_18	0.997	0.001	0.001	0.001	tri	2
O4_19	0.995	0.001	0.002	0.001	tri	2
O4_20	0.997	0.001	0.002	0.001	tri	2
P1_01	0.001	0.997	0.001	0.001	vas1	2
P1_02	0.001	0.996	0.001	0.002	vas1	2
P1_03	0.011	0.975	0.005	0.009	vas1	2
P1_04	0.001	0.998	0.001	0.001	vas1	2
P1_05	0	0.998	0	0.001	vas1	2
P1_06	0.001	0.987	0.005	0.007	vas1	2
P1_07	0.001	0.997	0.001	0.001	vas1	2
P1_08	0.001	0.996	0.001	0.002	vas1	2
P1_09	0.002	0.996	0.001	0.001	vas1	2
P1_10	0.001	0.996	0.001	0.002	vas1	2
P1_11	0.001	0.997	0.001	0.001	vas1	2
P1_12	0.001	0.997	0.001	0.001	vas1	2
P1_13	0.001	0.998	0.001	0.001	vas1	2
P1_14	0.001	0.996	0.001	0.002	vas1	2
P1_15	0.002	0.995	0.001	0.002	vas1	2
P1_16	0.001	0.996	0.001	0.002	vas1	2
P1_17	0.018	0.877	0.092	0.013	vas1	2
P1_18	0.001	0.997	0.001	0.001	vas1	2
P1_19	0.001	0.998	0.001	0.001	vas1	2
P1_20	0.024	0.961	0.008	0.007	vas1	2
P2_01	0.001	0.998	0.001	0.001	vas1	2
P2_02	0	0.998	0	0.001	vas1	2
P2_03	0.003	0.993	0.001	0.003	vas1	2
P2_04	0.405	0.591	0.002	0.001	vas1	2
P2_05	0.001	0.998	0.001	0.001	vas1	2
P2_06	0.001	0.997	0.001	0.001	vas1	2
P2_07	0.001	0.997	0.001	0.002	vas1	2
P2_08	0.002	0.996	0.001	0.002	vas1	2
P2_09	0.001	0.998	0.001	0.001	vas1	2
P2_09_rep	0.001	0.998	0.001	0.001	vas1	2
P2_10	0	0.998	0.001	0.001	vas1	2
P2_11	0.002	0.992	0.002	0.004	vas1	2
P2_12	0.426	0.563	0.006	0.004	vas1	2
P2_13	0.001	0.996	0.001	0.002	vas1	2
P2_14	0	0.999	0	0.001	vas1	2
P2_15	0.001	0.998	0.001	0.001	vas1	2
P2_16	0.001	0.998	0.001	0.001	vas1	2
P2_17	0.004	0.992	0.001	0.003	vas1	2
P2_18	0.001	0.997	0.001	0.001	vas1	2
P2_19	0.001	0.997	0.001	0.001	vas1	2
P2_20	0.001	0.998	0.001	0.001	vas1	2
P3_01	0.003	0.001	0.993	0.002	wyo1	4
P3_02	0.998	0.001	0.001	0.001	tri	2
P3_03	0.184	0	0.815	0.001	wyo1	4
P3_04	0.004	0.001	0.994	0.001	wyo1	4
P3_05	0.003	0	0.995	0.001	wyo1	4
P3_06	0.001	0	0.998	0.001	wyo1	4
P3_07	0.018	0.003	0.977	0.002	wyo1	4
P3_08	0.008	0	0.991	0.001	wyo1	4
P3_09	0.005	0	0.994	0.001	wyo1	4
P3_10	0.003	0.035	0.956	0.005	wyo1	4
P3_11	0.01	0.001	0.985	0.003	wyo1	4
P3_12	0.002	0	0.997	0.001	wyo1	4
P3_13	0.04	0	0.959	0.001	wyo1	4
P3_14	0.052	0.001	0.946	0.001	wyo1	4
P3_15	0.006	0.001	0.991	0.002	wyo1	4
P3_16	0.023	0	0.976	0.001	wyo1	4
P3_17	0.005	0	0.993	0.001	wyo1	4
P3_18	0.04	0.002	0.956	0.001	wyo1	4
P3_19	0.002	0.005	0.988	0.005	wyo1	4
P3_20	0.006	0.005	0.987	0.003	wyo1	4
P302_NA	0.999	0	0	0	tri	4
P4_01	0.023	0	0.976	0.001	wyo1	4
P4_02	0.009	0.001	0.989	0.001	wyo1	4
P4_03	0.042	0	0.956	0.001	wyo1	4
P4_04	0.009	0	0.989	0.001	wyo1	4
P4_05	0.008	0	0.991	0.001	wyo1	4
P4_06	0.077	0.001	0.919	0.003	wyo1	4
P4_07	0.26	0	0.739	0.001	wyo1	4
P4_08	0.002	0.001	0.997	0.001	wyo1	4
P4_09	0.048	0.001	0.949	0.002	wyo1	4
P4_10	0.044	0	0.954	0.001	wyo1	4
P4_11	0.002	0	0.997	0.001	wyo1	4
P4_11_rep	0.001	0.001	0.997	0.001	wyo1	4
P4_12	0.002	0	0.997	0.001	wyo1	4
P4_13	0.035	0.008	0.95	0.007	wyo1	4
P4_14	0.026	0	0.973	0.001	wyo1	4
P4_14_rep	0.002	0	0.997	0.001	wyo1	4
P4_15	0.005	0.001	0.993	0.002	wyo1	4
P4_16	0.003	0	0.996	0.001	wyo1	4
P4_17	0.008	0.001	0.99	0.002	wyo1	4
P4_18	0.162	0	0.837	0	wyo1	4
P4_19	0.002	0.001	0.994	0.003	wyo1	4
P4_20	0.032	0.001	0.966	0.001	wyo1	4
U1_01	0.001	0.995	0.001	0.003	vas1	2
U1_02	0.006	0.983	0.002	0.009	vas1	2
U1_03	0.007	0.978	0.004	0.011	vas1	2
U1_04	0.001	0.998	0.001	0.001	vas1	2
U1_05	0.003	0.993	0.002	0.003	vas1	2
U1_06	0.001	0.985	0.004	0.01	vas1	2
U1_07	0.003	0.987	0.003	0.007	vas1	2
U1_08	0.001	0.996	0.001	0.003	vas1	2
U1_09	0.001	0.992	0.001	0.006	vas1	2
U1_10	0.001	0.994	0.001	0.003	vas1	2
U1_11	0.002	0.995	0.001	0.002	vas1	2
U1_12	0.002	0.991	0.001	0.007	vas1	2
U1_13	0	0.998	0.001	0.001	vas1	2
U1_14	0.001	0.995	0.001	0.003	vas1	2
U1_15	0.003	0.977	0.005	0.015	vas1	2
U1_16	0.001	0.995	0.001	0.002	vas1	2
U1_17	0.001	0.998	0.001	0.001	vas1	2
U1_18	0.002	0.978	0.003	0.016	vas1	2
U1_19	0.001	0.997	0.001	0.002	vas1	2
U1_20	0.002	0.992	0.002	0.004	vas1	2
U2_01	0.001	0.037	0.001	0.961	wyo2	4
U2_02	0.011	0.001	0.007	0.98	wyo2	4
U2_03	0.173	0.002	0.035	0.79	wyo2	4
U2_04	0.055	0.001	0.014	0.93	wyo2	4
U2_05	0.005	0.002	0.009	0.985	wyo2	4
U2_06	0.001	0.012	0.001	0.986	wyo2	4
U2_07	0.001	0.008	0.006	0.986	wyo2	4
U2_08	0.002	0.014	0.005	0.979	wyo2	4
U2_09	0.001	0.008	0.001	0.99	wyo2	4
U2_10	0.002	0.001	0.005	0.992	wyo2	4
U2_11	0.001	0.153	0.007	0.839	wyo2	4
U2_12	0.001	0.051	0.024	0.924	wyo2	4
U2_13	0.002	0.043	0.008	0.947	wyo2	4
U2_14	0.001	0.002	0.003	0.994	wyo2	4
U2_15	0.002	0.003	0.002	0.993	wyo2	4
U2_16	0.003	0.003	0.003	0.991	wyo2	4
U2_17	0.001	0.081	0.004	0.914	wyo2	4
U2_18	0.001	0.003	0.011	0.986	wyo2	4
U2_19	0.023	0.003	0.005	0.969	wyo2	4
U2_20	0.001	0.004	0.002	0.993	wyo2	4
U3_01	0.001	0.103	0.003	0.893	wyo2	4
U3_02	0.001	0.001	0.002	0.996	wyo2	4
U3_03	0.002	0.096	0.002	0.9	wyo2	4
U3_04	0.008	0.001	0.043	0.949	wyo2	4
U3_05	0.001	0.031	0.001	0.966	wyo2	4
U3_06	0.001	0.03	0.001	0.968	wyo2	4
U3_07	0.02	0.007	0.037	0.937	wyo2	4
U3_08	0.002	0.01	0.002	0.986	wyo2	4
U3_09	0.006	0.002	0.021	0.971	wyo2	4
U3_10	0.002	0.102	0.005	0.891	wyo2	4
U3_11	0.001	0.002	0.034	0.962	wyo2	4
U3_12	0.001	0.001	0.015	0.983	wyo2	4
U3_13	0.008	0.079	0.003	0.911	wyo2	4
U3_14	0.005	0.005	0.007	0.983	wyo2	4
U3_15	0.001	0.031	0.002	0.966	wyo2	4
U3_16	0.006	0.006	0.002	0.987	wyo2	4
U3_17	0.003	0.001	0.013	0.983	wyo2	4
U3_18	0.002	0.047	0.002	0.949	wyo2	4
U3_19	0.003	0.112	0.004	0.881	wyo2	4
U3_20	0.001	0.003	0.007	0.989	wyo2	4
U303_NA	0.001	0.025	0.001	0.972	wyo2	4
U305_NA	0.001	0.016	0.001	0.982	wyo2	4
U316_NA	0.002	0.007	0.002	0.989	wyo2	4
U4_01	0.051	0.001	0.029	0.919	wyo2	4
U4_02	0.997	0.001	0.001	0.002	tri	2
U4_02_rep	0.997	0.001	0.001	0.001	tri	2
U4_03	0.989	0.001	0.007	0.004	tri	2
U4_03_rep	0.974	0.001	0.017	0.008	tri	2
U4_04	0.996	0.001	0.002	0.002	tri	2
U4_04_rep	0.995	0.001	0.002	0.002	tri	2
U4_05	0.03	0.003	0.017	0.95	wyo2	4
U4_06	0.99	0.001	0.003	0.005	tri	2
U4_07	0.997	0.001	0.001	0.001	tri	2
U4_08	0.996	0.001	0.002	0.001	tri	2
U4_09	0.991	0.001	0.006	0.002	tri	2
U4_10	0.988	0.002	0.002	0.007	tri	2
U4_11	0.001	0.006	0.002	0.992	wyo2	4
U4_12	0.998	0	0.001	0.001	tri	2
U4_13	0.994	0.001	0.002	0.003	tri	2
U4_14	0.993	0.001	0.002	0.003	tri	2
U4_15	0.002	0.021	0.003	0.975	wyo2	4
U4_16	0.996	0.001	0.002	0.002	tri	2
U4_17	0.99	0.001	0.003	0.006	tri	2
U4_18	0.002	0.003	0.016	0.979	wyo2	4
U4_19	0.989	0.001	0.007	0.003	tri	2
U4_20	0.002	0.001	0.004	0.993	wyo2	4
